  activity    mode   duration  1 2 3 4 5 6 7 8 91011121314151617181920212223242526272829303132333435363738
------------------------------------------------------------------------------------------------------------------------------------------------
Act[1][1] Mode[1][1]    7         *2==========                                                            
Act[1][2] Mode[1][2]    10                    ==..==================                                      
Act[1][3] Mode[1][3]    4                                                                     ==....======
Act[2][1] Mode[2][1]    9     ==================                                                          
Act[2][2] Mode[2][2]    5                       *2======                                                  
Act[2][3] Mode[2][3]    11                                              ======================            
Act[3][1] Mode[3][1]    3                                 *2==                                            
Act[3][2] Mode[3][2]    9                                                   ==================            
Act[3][3]  Express      4                                                                     ==....======
Act[4][1] Mode[4][1]    6     ============                                                                
Act[4][2] Mode[4][2]    13                        ==========================                              
Act[4][3] Mode[4][3]    9                                                   ==================            
dummy_actidummy_mode    0                     ..                                                          
------------------------------------------------------------------------------------------------------------------------------------------------
   resource usage/capacity     
------------------------------------------------------------------------------------------------------------------------------------------------
          machine[1]           0 0 1 1 1 1 1 1 1 1 1 1 1 0 1 1 0 0 0 0 0 0 0 1 1 1 1 1 1 1 1 1 0 0 0 0 0 0
                               1 1 1 1 1 1 1 1 1 1 1 1 1 1 1 1 1 1 1 1 1 1 1 1 1 1 1 1 1 1 1 1 1 1 1 1 1 1
------------------------------------------------------------------------------------------------------------------------------------------------
          machine[2]           1 1 1 1 1 1 0 0 1 0 1 1 1 1 1 1 1 1 1 0 0 1 1 1 1 1 1 1 1 1 1 1 1 0 0 1 1 1
                               1 1 1 1 1 1 1 1 1 1 1 1 1 1 1 1 1 1 1 1 1 1 1 1 1 1 1 1 1 1 1 1 1 1 1 1 1 1
------------------------------------------------------------------------------------------------------------------------------------------------
          machine[3]           1 1 1 1 1 1 1 1 1 0 1 1 1 1 1 1 1 1 1 1 1 1 1 1 1 1 1 1 1 1 1 1 1 0 0 1 1 1
                               1 1 1 1 1 1 1 1 1 1 1 1 1 1 1 1 1 1 1 1 1 1 1 1 1 1 1 1 1 1 1 1 1 1 1 1 1 1
------------------------------------------------------------------------------------------------------------------------------------------------
           manpower            2 2 2 0 0 0 0 0 1 2 2 1 0 0 2 0 0 0 0 0 0 1 1 2 2 0 0 0 0 0 0 0 2 0 0 2 0 0
                               2 2 2 2 2 0 0 2 2 2 2 2 0 0 2 2 2 2 2 0 0 2 2 2 2 2 0 0 2 2 2 2 2 0 0 2 2 2
------------------------------------------------------------------------------------------------------------------------------------------------
