  activity    mode   duration  1 2 3 4 5 6 7 8 910111213141516171819202122232425262728
------------------------------------------------------------------------------------------------------------------
  Act[1]   Mode[1]      13    ==========================                              
  Act[2]   Mode[2]      25          ==================================================
  actDum   DumMode1     0     ........................................................
------------------------------------------------------------------------------------------------------------------
   resource usage/capacity     
------------------------------------------------------------------------------------------------------------------
            Tank1              0 0 0 0 0 0 0 0 0 0 0 0 0 0 0 0 0 0 0 0 0 0 0 0 0 0 0 0
                               1 1 1 1 1 1 1 1 1 1 1 1 1 1 1 1 1 1 1 1 1 1 1 1 1 1 1 1
------------------------------------------------------------------------------------------------------------------
            Tank2              0 0 0 0 0 0 0 0 0 0 0 0 0 0 0 0 0 0 0 0 0 0 0 0 0 0 0 0
                               1 1 1 1 1 1 1 1 1 1 0 0 0 0 0 0 0 0 0 0 0 0 0 0 0 0 0 0
------------------------------------------------------------------------------------------------------------------
